image_width: 640
image_height: 480
camera_name: usb_cam
camera_matrix:
  rows: 3
  cols: 3
  data: [340.876013, 0.000000, 333.212353, 0.000000, 341.790625, 241.433953, 0.000000, 0.000000, 1.000000]
distortion_model: plumb_bob
distortion_coefficients:
  rows: 1
  cols: 5
  data: [-0.302220, 0.069858, 0.000204, -0.002379, 0.000000]
rectification_matrix:
  rows: 3
  cols: 3
  data: [1.000000, 0.000000, 0.000000, 0.000000, 1.000000, 0.000000, 0.000000, 0.000000, 1.000000]
projection_matrix:
  rows: 3
  cols: 4
  data: [239.844391, 0.000000, 327.461420, 0.000000, 0.000000, 278.273071, 242.468527, 0.000000, 0.000000, 0.000000, 1.000000, 0.000000]
